386 389 394 550 380
380 422 397 412 666
666 664 622 633 635
635 635 643 646 647
655 656 382 392 383
384 392 417 417 380
419 398 396 665 663
662 621 620 660 622
629 627 633 642 668
650 655 656 381 383
383 385 391 392 394
419 415 424 396 661
621 622 624 635 642
636 642 668 655 652
655 382 385 388 389
391 388 394 418 419
422 423 397 666 396
661 661 622 623 633
668 633 634 644 649
647 649 651 654 653
382 392 550 394 424
412 663 666 661 660
660 660 624 622 623
633 639 642 668 615
651 654 658 381 393
389 394 394 550 395
413 380 398 418 396
397 414 412 661 660
620 623 632 633 594
635 640 668 642 643
654 651 658 381 384
393 395 398 667 666
662 661 660 660 620
620 627 633 631 628
622 634 669 635 668
643 642 646 644 649
651 655 381 382 381
384 389 394 416 550
413 380 398 422 424
396 663 661 633 620
627 627 631 642 641
640 642 650 652 652
657 384 384 383 388
380 395 380 398 397
411 663 662 659 624
631 633 636 634 637
647 653 649 653 652
649 386 383 383 391
550 380 422 422 415
412 667 629 627 634
642 652 716 716 718
723 721 721 725 725
733 717 720 730 720
721 724 734 727 731
734 718 724 729 716
723 730 733 732 719
724 733 729 732 733
731 719 725 728 727
398 418 422 381 386
382 383 385 387 386
420 422 385 392 390
419 419 421 421 420
420 422 386 423 380
381 381 384 385 392
390 390 418 419 423
422 380 424 423 381
380 381 383 385 390
390 398 421 420 423
381 383 383 384 386
398 421 423 380 384
390 389 418 398 421
420 423 386 383 382
386 387 398 423 383
386 386 389 418 419
420 423 380 386 384
383 386 418 420 423
384 383 381 387 481
468 470 617 478 619
586 586 601 608 605
604 611 605 612 481
472 478 143 480 480
582 586 581 586 586
586 598 605 612 616
472 476 480 479 586
582 595 598 607 601
607 608 601 608 603
612 616 479 480 586
585 586 591 586 586
594 596 607 608 604
603 605 612 612 616
471 469 472 471 473
618 581 590 587 586
593 605 606 475 472
474 617 617 580 581
594 588 588 597 588
595 601 604 605 605
470 467 479 473 586
586 586 586 598 608
601 479 472 473 476
476 586 582 585 583
583 586 586 588 594
468 612 612 471 472
586 586 596 588 597
601 608 612 616 479
474 138 591 586 586
587 588 605 606 610
625 629 627 634 635
641 648 654 655 653
657 661 667 620 672
673 682 685 706 688
689 691 702 701 705
709 696 696 711 624
629 627 634 638 654
653 660 665 674 672
678 673 680 689 704
605 714 623 626 629
627 632 634 636 639
654 660 660 658 664
669 688 688 703 701
709 712 696 463 623
465 625 626 631 634
639 644 647 645 658
655 665 674 607 686
693 699 702 696 711
622 625 632 630 628
635 641 637 648 646
653 655 656 659 667
670 673 677 679 680
683 700 698 705 701
704 708 707 714 620
626 628 629 636 637
635 640 646 645 651
649 647 657 464 666
667 670 673 673 674
684 693 699 704 620
714 711 623 625 635
638 643 641 645 651
650 657 664 669 678
706 691 704 710 696
712 714 631 640 639
637 653 656 663 663
661 620 673 680 684
699 700 706 694 709
710 696 697 620 624
639 640 648 649 657
660 661 666 665 672
682 685 691 710 711
622 628 635 644 643
648 655 663 665 669
586 680 677 673 683
682 683 685 706 687
713 703 696 715 103
103 56 73 73 99
99 73 76 85 92
89 92 91 241 231
237 231 240 233 256
256 261 281 283 282
265 284 280 287 267
73 99 75 81 95
100 88 95 89 239
240 240 232 240 257
256 261 276 263 282
284 285 278 260 272
287 103 73 73 74
81 85 95 100 85
91 92 240 233 236
234 234 234 291 291
261 261 263 265 279
274 271 271 268 56
73 73 73 98 99
81 95 92 85 86
87 95 95 74 240
238 233 256 266 257
259 275 263 281 287
284 285 286 285 280
258 290 288 56 73
74 98 81 76 91
92 95 85 85 88
76 92 239 241 231
237 238 231 291 291
231 256 266 256 258
261 275 281 280 281
263 270 256 290 287
99 73 98 98 99
75 98 92 81 87
85 92 95 95 231
231 231 234 291 256
267 259 275 282 283
284 281 103 73 99
76 92 240 74 237
234 254 259 258 257
261 275 275 265 282
280 274 73 73 73
98 99 75 81 95
88 92 93 240 238
234 231 291 257 256
256 266 266 261 281
265 284 286 280 277
289 289 56 73 73
56 73 74 99 99
98 76 91 85 85
88 85 91 85 92
74 95 241 240 238
237 236 235 231 254
256 257 258 260 261
260 261 263 283 284
285 285 286 281 280
279 259 288 103 73
73 73 99 99 73
76 98 76 91 92
85 92 234 236 231
291 291 253 256 256
289 260 262 263 263
281 280 277 272 271
267 289 287 552 551
552 558 136 119 118
106 554 551 552 552
554 558 146 138 142
114 144 552 552 116
551 553 554 552 554
558 557 146 552 138
136 140 142 115 552
119 552 146 142 552
119 105 555 146 561
145 145 143 142 554
554 561 552 552 144
146 136 140 115 552
119 551 552 552 555
561 137 140 142 142
144 119 106 553 552
554 553 554 562 561
556 560 556 136 140
143 115 119 551 561
146 137 145 145 140
140 114 106 121 552
552 554 554 552 552
139 142 140 142 106
408 409 411 410 412
399 402 401 403 568
569 568 570 146 139
141 140 143 143 109
109 107 120 120 135
122 124 126 123 143
137 400 400 406 568
569 409 401 574 147
568 136 143 121 118
119 109 109 111 124
134 142 568 400 569
410 406 412 399 399
401 402 400 569 569
567 147 146 136 145
142 141 142 121 118
122 120 111 123 124
125 123 134 399 400
407 408 410 405 400
569 570 568 146 136
138 136 142 144 119
119 110 109 135 123
124 134 399 399 400
399 400 568 410 400
400 575 567 139 142
140 144 106 120 123
135 135 123 124 399
400 569 407 408 409
399 400 401 575 568
569 570 568 570 136
137 146 138 141 115
121 110 120 134 123
134 137 399 568 574
568 568 568 567 146
138 139 142 143 143
121 118 111 120 111
122 123 123 135 134
134 126 137 568 406
568 569 410 411 399
399 400 399 402 567
570 147 145 140 142
142 117 121 116 118
119 107 143 399 399
568 405 411 411 404
404 401 401 403 568
569 574 575 568 568
567 146 146 146 140
116 119 111 135 135
123 124 124 123 144
137 143 400 568 568
410 404 411 411 412
399 404 568 567 136
146 106 120 110 124
124 134 143 399 400
400 399 569 401 401
399 409 567 568 569
572 574 572 113 112
134 134 123 127 123
135 135 106 121 115
116 399 400 399 401
401 399 404 409 410
567 569 575 134 134
123 124 124 124 123
108 105 106 119 121
118 115 399 400 409
410 570 569 569 575
113 129 134 120 108
109 106 119 115 115
411 400 401 402 406
408 573 134 129 134
124 122 109 118 116
399 399 400 401 404
406 405 404 408 409
568 570 113 129 130
134 134 134 123 135
135 111 120 109 106
105 106 118 117 412
399 401 404 407 572
113 134 134 134 124
108 106 399 404 399
567 567 575 571 128
128 130 129 134 134
134 126 135 125 135
135 120 124 120 123
109 109 105 106 117
412 399 400 405 404
404 404 406 568 410
568 129 134 126 134
135 120 120 109 105
106 118 121 116 411
399 402 402 404 405
569 568 134 134 126
126 125 135 124 120
122 120 109 106 109
119 116 115 400 401
399 407 404 568 569
134 130 134 129 127
124 135 135 120 109
106 106 175 7 10
20 20 25 24 28
29 31 50 45 46
42 188 189 185 188
194 199 200 202 28
175 209 171 168 165
171 153 160 341 343
327 328 331 333 312
317 321 316 348 357
361 370 513 495 485
487 493 499 496 503
501 506 506 545 545
547 519 523 525 64
66 60 581 585 586
585 587 585 588 592
600 603 604 609 615
214 216 218 218 218
219 214 219 221 222
224 223 220 220 465
425 428 430 429 436
435 437 438 462 463
462 439 437 456 446
450 446 2 12 13
171 17 23 28 17
30 38 54 49 41
185 186 185 185 182
212 166 163 164 171
14 149 341 157 344
336 331 322 316 312
322 316 379 366 366
363 372 510 513 485
482 492 509 486 507
545 548 518 522 525
524 522 519 533 69
65 68 70 66 617
580 585 585 581 585
587 589 588 603 604
607 604 609 604 219
214 215 218 217 219
224 222 223 223 426
426 427 428 431 437
462 462 463 462 463
439 456 452 452 446
289 442 442 5 6
6 14 17 25 38
50 50 46 185 185
213 182 209 208 168
171 153 333 336 313
317 319 324 322 379
350 352 348 359 363
372 373 370 485 485
496 501 504 519 519
524 532 531 533 533
536 549 67 57 60
617 617 581 585 581
585 586 587 586 591
588 588 593 600 597
604 605 605 604 615
605 615 218 219 216
217 219 219 221 224
224 224 465 425 426
428 425 432 437 439
437 460 460 463 456
437 453 452 446 446
445 442 7 5 11
15 24 29 54 54
54 51 45 189 185
185 186 182 213 206
200 208 202 202 177
162 168 167 153 27
159 343 330 338 332
340 316 322 379 348
347 379 348 350 351
358 524 361 363 363
368 370 371 512 512
513 482 482 485 493
496 501 504 507 545
548 528 524 534 64
68 548 67 63 617
59 585 586 587 592
589 588 588 608 608
605 611 615 615 214
215 219 221 222 224
224 220 223 466 426
430 433 437 438 437
440 463 464 463 453
452 448 446 446 445
442 3 9 12 11
13 23 21 23 30
34 201 49 47 189
45 190 186 185 186
181 182 182 194 205
203 211 179 165 168
169 171 172 1 172
154 157 342 334 336
335 340 312 316 321
322 347 379 349 358
363 363 368 373 366
512 486 488 498 509
506 499 523 527 531
538 59 581 586 585
589 588 597 608 605
616 214 219 218 217
219 219 221 221 224
224 220 223 223 223
465 425 466 426 428
429 455 440 460 463
457 439 437 455 456
453 289 442 2 4
14 23 23 23 23
28 53 54 38 54
52 49 49 41 46
46 213 197 199 208
202 163 173 168 151
162 160 153 157 344
329 336 338 312 313
316 322 321 323 323
316 314 376 379 347
379 376 359 352 356
355 358 351 353 366
370 372 544 512 482
492 488 494 489 493
496 502 547 516 548
549 526 549 538 549
64 65 70 61 61
59 617 585 588 588
588 592 589 604 604
615 615 615 615 216
217 217 218 220 221
221 222 224 220 425
429 427 431 433 437
440 460 462 460 462
463 453 456 453 453
446 446 445 442 28
18 16 23 23 32
30 34 41 51 47
185 360 190 188 190
182 183 193 199 200
204 208 168 168 14
153 153 341 342 344
328 337 338 322 379
347 356 360 363 532
368 372 510 379 482
482 514 488 493 489
493 497 507 501 548
522 523 542 537 539
69 61 617 580 58
580 581 584 593 586
588 589 603 603 603
604 600 604 615 615
214 215 219 217 219
218 221 222 222 224
220 426 426 426 426
428 429 430 436 434
436 460 460 462 436
453 450 432 446 442
443 444 210 2 15
18 23 31 54 49
189 188 182 211 197
202 200 202 164 168
168 14 27 161 177
14 157 336 336 338
312 332 317 318 321
321 319 375 350 352
358 355 347 347 363
511 366 513 482 494
491 508 507 504 483
518 522 528 523 524
528 529 533 542 537
536 68 63 61 58
59 61 59 617 581
585 581 581 585 586
588 596 593 601 605
611 615 615 615 214
215 216 216 216 218
218 221 219 220 221
222 224 426 465 425
426 426 426 426 431
586 430 605 437 437
460 462 463 458 437
453 446 14 6 10
12 20 23 30 34
30 32 38 36 48
185 186 212 195 196
206 200 1 152 153
157 346 331 334 335
314 324 314 312 375
357 357 347 358 363
482 488 493 490 488
499 521 525 537 540
530 64 67 61 58
618 617 585 585 585
588 595 586 597 603
601 605 607 611 219
215 215 217 218 220
222 222 222 223 223
223 225 466 426 428
446 435 119 436 437
439 460 462 460 462
463 439 437 456 450
452 453 431 446 445
444 14 5 16 6
37 32 38 54 41
50 42 183 195 181
194 199 204 209 211
163 165 171 8 155
155 157 333 331 338
336 312 337 316 320
325 325 357 353 378
366 370 512 482 485
501 498 504 545 544
518 529 524 538 533
537 57 64 66 63
67 585 617 586 586
581 588 586 587 588
600 603 604 605 605
612 615 615 615 219
219 219 217 216 217
218 465 225 426 427
426 428 426 431 446
432 439 460 460 460
462 462 463 435 437
453 450 446 446 447
446 443 146 295 277
305 146 293 299 310
310 297 303 286 284
265 280 280 302 305
310 310 303 305 265
285 264 280 277 277
303 292 307 303 284
283 280 277 278 301
294 310 292 292 299
293 295 310 310 305
303 297 288 285 282
265 282 280 301 263
295 310 301 300 295
310 310 306 303 285
264 277 294 310 292
310 309 306 297 280
264 279 310 310 310
305 311 305 304 303
297 310 309 304 284
288 286 285 280 279
310 310 300 302 310
310 310 307 286 285
264 310 263 101 55
246 250 247 251 251
247 219 227 218 214
214 214 214 686 686
686 686 686 671 671
671 671 671 671 102
101 247 248 227 227
219 686 686 686 686
686 686 671 671 671
671 102 55 230 249
247 245 227 247 251
219 218 218 214 214
686 686 686 686 686
671 671 671 671 671
246 248 247 251 227
219 214 686 686 686
686 686 686 686 686
686 671 671 671 671
671 671 55 55 246
250 247 227 218 214
686 686 686 686 686
686 686 686 686 671
671 671 671 671 671
102 251 227 227 227
219 219 686 686 686
686 671 671 671 671
671 102 101 230 247
227 227 216 218 218
214 686 686 686 686
686 671 671 671 671
671 671 671 671 101
55 246 249 227 251
219 219 219 218 214
216 686 686 686 686
686 686 686 671 671
671 671 671 671 671
671 671 101 55 246
219 218 216 218 214
214 686 686 686 686
686 671 671 671 671
671 671 671 55 55
251 227 227 227 218
216 218 214 214 686
686 686 686 671 671
671 671 671 671 671
62 67 65 69 68
431 430 432 437 441
439 459 460 464 437
437 452 450 450 445
444 443 223 217 217
216 218 219 581 220
585 587 586 589 609
612 616 615 604 604
597 599 593 590 59
58 65 70 428 431
435 435 437 461 444
220 221 216 222 219
223 619 585 605 611
604 593 590 61 617
60 63 70 69 426
428 437 441 461 463
454 451 447 442 220
214 219 219 219 220
581 609 607 611 605
60 429 430 440 439
460 464 450 451 449
448 447 446 444 430
465 221 215 215 219
221 220 220 220 586
586 587 589 588 602
599 600 595 592 591
617 427 427 431 432
433 434 460 457 454
457 449 444 466 215
216 218 218 221 220
220 223 585 586 581
589 612 600 599 594
590 618 66 434 435
437 441 459 461 460
463 452 457 451 444
444 443 442 465 221
223 214 216 219 219
225 221 582 581 585
588 610 604 613 614
615 463 604 605 600
602 595 618 57 70
65 69 429 430 436
459 463 460 464 463
437 458 457 452 447
444 444 221 220 215
215 217 217 216 218
222 225 219 220 585
587 586 589 608 612
614 605 604 603 601
596 594 594 591 617
618 63 68 57 427
426 431 431 438 439
439 459 463 464 464
457 453 452 444 442
214 215 219 224 223
221 223 619 587 608
610 615 617 617 66
57 431 429 459 462
451 448 450 444 443
443 442 220 222 221
221 220 619 586 586
588 588 608 589 614
609 615 605 604 598
599 592 593 588 221
59 425 430 431 437
440 441 459 460 463
460 457 451 449 450
465 442 221 222 220
221 217 225 580 619
589 607 610 613 612
606 605 604 602 600
599 592 253 256 257
291 257 256 257 269
256 291 259 269 269
252 269 255 287 288
287 252 257 256 270
291 256 269 287 254
257 258 287 256 256
266 269 256 266 266
266 464 291 254 287
266 256 270 287 287
252 256 252 256 291
269 287 291 71 98
99 76 78 77 91
91 81 232 239 243
290 252 291 267 269
271 278 284 285 258
98 99 81 79 95
77 95 91 91 81
95 81 76 84 233
232 235 239 289 291
254 257 271 267 275
276 279 282 285 264
283 264 259 98 99
81 76 76 95 91
83 232 231 233 235
233 238 289 253 270
273 281 262 256 257
56 75 98 81 73
77 80 91 85 81
83 84 81 231 232
233 235 231 256 272
273 276 277 280 260
103 256 259 256 98
99 73 99 77 81
80 78 80 95 85
95 91 82 83 240
289 283 262 264 259
260 56 56 73 97
91 95 76 83 81
231 232 239 241 240
243 253 270 269 267
275 278 280 284 259
258 103 98 99 81
76 80 77 80 97
96 91 91 81 83
231 232 232 231 237
243 290 256 273 273
275 282 284 260 103
259 71 56 98 99
78 77 91 85 91
91 81 91 81 84
81 231 290 253 268
257 271 278 281 284
285 260 103 74 99
81 77 91 233 232
252 291 275 276 273
278 283 277 98 98
75 99 99 78 77
78 81 97 95 91
232 231 232 233 232
231 240 238 229 257
256 267 269 275 278
277 260 257 35 40
52 31 42 27 18
27 23 20 22 27
16 14 156 154 151
149 149 157 158 166
169 173 172 184 191
188 197 198 200 207
205 210 175 176 349
354 354 356 363 360
367 365 364 370 373
374 375 332 332 339
346 346 345 343 495
500 497 498 503 502
516 525 522 531 529
533 535 547 38 35
35 32 32 39 43
46 53 53 27 18
26 14 14 151 153
153 150 154 182 185
185 193 194 195 212
177 209 349 350 353
361 365 378 315 327
330 329 334 332 332
336 339 342 346 345
484 484 492 502 513
516 519 529 535 538
543 539 545 44 46
28 29 27 18 23
7 16 17 152 153
149 1 152 153 158
162 172 180 179 187
191 198 197 203 212
353 352 354 369 369
320 326 315 329 343
487 483 488 491 495
499 505 507 507 513
515 518 524 530 539
549 541 546 545 37
34 30 52 47 49
43 46 20 17 26
27 8 27 14 150
159 164 163 168 172
182 183 187 185 192
197 195 201 199 204
205 201 212 212 210
348 354 350 359 363
366 318 331 332 339
344 341 487 498 495
500 500 505 514 516
517 523 521 532 533
537 538 549 546 34
40 29 27 19 20
26 26 8 14 14
15 14 154 155 149
156 179 183 194 195
198 207 205 176 353
350 360 364 368 378
374 366 316 314 321
326 329 327 330 334
334 339 341 493 492
499 499 505 509 512
521 528 531 530 532
533 541 38 544 36
39 30 52 48 53
27 20 7 27 9
12 154 1 157 162
160 167 174 187 190
192 197 198 199 201
205 213 194 177 175
178 362 350 354 354
362 363 368 377 371
376 312 318 318 332
334 493 494 499 514
508 518 516 519 525
526 542 542 535 538
541 540 542 546 544
37 36 54 32 39
33 52 47 21 26
25 16 16 9 13
13 153 150 155 154
161 160 164 166 180
187 193 194 208 177
175 351 354 361 368
371 369 374 376 313
314 319 316 324 327
318 332 331 344 345
340 484 490 489 498
497 502 500 505 511
522 530 527 533 538
537 542 543 549 541
545 38 36 33 31
48 44 47 53 42
23 14 149 152 156
149 156 159 158 162
170 182 208 350 359
361 366 369 377 372
313 318 317 326 328
332 336 334 346 346
340 483 485 487 487
486 489 491 497 495
494 502 503 507 509
515 511 516 517 522
520 526 530 535 537
539 549 542 540 49
52 47 45 41 16
27 10 154 149 155
154 151 150 157 163
159 167 172 183 193
196 199 205 203 203
201 204 175 348 178
353 363 368 367 369
375 376 313 312 314
316 324 327 323 336
334 339 346 345 484
492 491 503 511 512
512 510 519 524 525
529 533 537 539 543
547 33 32 52 40
41 43 27 29 21
22 21 8 14 149
150 155 154 159 158
165 162 167 170 174
193 186 184 187 196
199 201 201 204 348
349 362 361 365 368
378 375 315 318 319
332 346 342 345 483
486 500 503 508 509
519 520 533 538 537
542 539 546 547 112
134 134 134 134 135
120 108 106 117 112
128 128 134 134 134
134 134 135 134 106
105 114 116 263 277
279 265 282 281 265
284 112 112 134 129
127 134 134 123 123
120 106 105 105 272
119 263 117 261 115
271 263 280 279 282
281 284 283 285 284
112 129 133 134 134
134 134 134 134 123
120 123 106 106 259
119 117 115 263 279
265 286 291 289 112
112 134 134 127 125
135 123 135 120 108
106 105 270 105 270
119 272 118 272 272
279 286 284 289 112
134 122 107 105 270
259 119 118 272 261
274 263 278 282 286
285 112 134 134 135
123 120 135 107 108
117 271 106 119 117
261 114 144 278 280
281 265 289 112 134
134 134 134 134 120
120 106 105 272 117
115 115 262 263 280
283 265 112 134 134
131 135 135 124 109
106 106 270 119 105
105 261 116 142 261
275 115 262 263 279
112 134 129 134 135
135 120 135 108 135
106 106 119 115 550
550 576 564 550 552
577 579 578 559 550
577 550 559 565 550
578 552 578 565 559
564 550 550 577 577
566 577 577 552 577
550 577 552 579 577
559 566 577 577 576
564 576 566 577 577
577 578 557 556 553
562 554 551 551 301
293 142 308 303 290
297 291 555 562 552
554 301 138 301 309
308 298 289 550 561
555 553 552 551 292
300 142 115 308 256
577 553 562 551 300
294 298 303 289 577
556 562 551 301 302
143 297 289 297 577
561 561 552 551 300
301 142 303 305 297
550 555 556 558 554
554 551 554 301 294
290 550 561 553 552
562 554 562 300 617
309 258 123 577 566
577 561 553 553 552
552 554 551 292 305
290 297 557 555 552
553 301 476 298
